error(train): 0.182857
error(test): 0.320000