error(train): 0.28859060402684567
error(test): 0.37349397590361444