error(train): 0.1708542713567839
error(test): 0.19597989949748743